SD卡曲线数据
2017/02/17 06:53:03


曲线Row
500
500
500
500
500
500
500
500
500
500
500
500
500
500
500
500
500
500
500
500
500
500
500
500
500
500
500
500
500
500
500
500
500
500
479
491
492
494
497
498
496
497
497
497
498
499
500
500
501
501
502
503
500
499
502
502
502
503
502
500
500
501
501
501
502
503
503
502
501
501
503
503
518
597
197
682
756
759
761
759
760
759
760
760
760
764
765
765
765
765
10095
765
765
765
767
766
765
766
766
768
766
768
768
768
769
769
768
769
768
771
771
769
773
768
772
772
771
773
771
767
750
733
657
673
676
677
669
666
658
653
648
638
632
623
616
609
600
595
588
37722
582
577
571
564
555
547
537
527
515
508
503
500
499
501
504
508
514
521
527
537
545
555
567
578
593
607
618
625
627
630
630
629
631
631
636
639
643
651
658
669
677
684
687
686
688
683
677
674
671
668
662
665
665
665
665
666
669
667
667
669
665
656
657
647
643
639
634
629
624
620
616
608
607
603
599
597
592
591
586
582
579
578
572
569
564
557
551
546
538
534
528
527
528
531
536
541
548
555
561
568
576
579
584
590
594
593
589
585
581
575
573
566
559
556
543
542
542
543
548
559
572
591
609
620
626
632
631
632
631
626
625
620
615
610
606
604
605
603
600
599
597
601
594
597
257
599
602
608
614
618
618
617
618
615
614
614
615
616
619
618
620
622
622
625
621
621
622
620
624
627
626
623
620
618
615
612
614
617
616
622
629
633
638
642
646
647
650
649
647
649
644
641
638
631
627
624
622
618
619
617
615
610
613
613
615
617
616
620
620
615
619
613
612
614
609
608
605
603
600
593
594
593
591
589
585
585
581
579
579
574
34661
573
571
570
565
561
569
599
612
621
625
632
638
643
650
656
662
670
677
683
690
699
707
715
718
722
720
719
716
708
705
701
695
693
690
689
686
686
688
689
693
698
700
706
711
713
718
721
721
722
718
717
711
709
706
701
699
689
685
686
674
670
664
655
649
631
630
622
616
611
605
600
596
592
588
587
585
60975
581
475
581
577
577
574
12609
570
574
570
570
568
565
0
563
558
554
553
549
545
549
544
549
555
564
574
2335
583
596
604
608
607
606
605
602
596
593
590
586
583
580
580
578
579
589
585
603
620
602
591
621
742
844
857
782
758
770
763
768
770
769
763
756
744
734
725
712
698
685
671
665
658
652
644
640
636
629
632
623
621
621
615
610
606
600
593
257
591
359
584
581
575
572
566
560
550
544
536
530
10097
510
501
493
486
480
472
466
462
460
458
457
459
462
467
474
483
493
505
520
536
553
570
592
616
641
652
653
650
710
704
627
535
484
466
499
631
748
820
823
707
572
416
256
274
398
511
626
738
856
994
1109
1200
1255
1286
1304
1333
1440
1524
1566
1589
1584
1546
1486
1390
1269
1143
1021
895
763
632
496
364
230
238
310
340
361
353
325
282
218
199
231
239
230
200
201
204
186
187
183
180
178
174
172
170
167
165
162
160
158
156
154
152
149
148
146
144
142
140
138
137
135
134
132
131
129
128
126
125
124
122
121
120
119
117
116
115
114
113
112
111
110
109
108
107
106
105
104
103
103
102
101
100
99
99
98
97
96
96
95
95
94
93
92
92
91
91
91
90
90
88
87
87
86
86
86
85
85
85
84
84
84
83
83
83
82
82
82
82
81
81
81
81
80
80
80
79
79
79
78
78
78
78
78
78
77
77
77
77
77
78
78
78
78
78
78
78
78
77
77
77
77
77
77
75
77
76
70
57
21
65510
65447
65366
65264
65201
65169
65159
65171
65193
65217
65237
65250
65261
65267
65275
65283
65287
65296
65305
65315
65328
65339
65351
65360
65367
65369
65371
65369
65363
65353
65344
65343
65339
65334
65332
65334
65338
65339
65338
65339
65343
65348
65353
65359
65366
65372
65378
65381
65379
65375
65369
65361
65353
65348
65347
65345
65341
65334
65326
65321
65319
65319
65319
65318
65315
65312
65311
65312
65314
65317
65317
65315
65313
65312
65312
65313
65314
65313
65312
65310
65309
65310
65313
65319
65329
65341
65353
65365
65380
65397
65415
65435
65461
65485
65511
65528
6
25
49
75
101
115
112
100
83
63
52
39
30
24
20
19
19
13
5
65532
65519
65507
65497
65485
65475
65474
65486
65507
65530
15
34
48
58
66
75
84
94
106
117
125
129
127
120
111
102


曲线Col
10003
10003
10003
10003
10003
10003
10003
10003
10003
10003
10003
10003
10003
10003
10003
10003
10003
10005
10013
10023
10052
10071
10095
10097
10095
10098
10097
10097
10097
10097
10097
10097
10095
10095
10083
10082
10084
10085
10086
10086
10086
10086
10088
10086
10088
10086
10086
10086
10087
10089
10086
10086
10086
10087
10087
10085
10085
10087
10087
10085
10084
10084
10086
10086
10086
10086
10086
10084
10083
10083
10085
10086
10087
10092
197
10092
10092
10092
10092
10092
10092
10092
10092
10092
10092
10092
10092
10092
10100
10100
10099
10095
10095
10095
10095
10080
10069
10064
10064
10052
10047
10035
10018
10011
10007
10007
10007
10007
10007
10007
10007
10007
10007
10007
10007
10007
10007
10007
10007
10007
10007
10007
10025
10046
10046
10046
10046
10046
10046
10046
10046
10095
10095
10095
10095
10095
10095
10095
10095
36697
10086
10080
10087
10082
10077
10071
10065
10058
10052
10042
10032
10023
10021
10012
10009
10002
10002
10002
10002
10002
10002
10051
10045
10043
10039
10034
10033
10030
10028
10024
10020
10017
10016
10016
10015
10014
10014
10016
10016
10018
10017
10019
10017
10016
10015
10014
10012
10012
10010
10010
10012
10014
10015
10025
10036
10033
10033
10029
10027
10021
10014
10007
10002
10002
10002
10002
10002
10002
10002
10002
10002
10002
10002
10002
10002
10002
10097
10095
10095
10095
10095
10096
10096
10096
10095
10096
10095
10095
10085
10086
10088
10089
10091
10091
10092
10093
10093
10092
10092
10091
10091
10090
10088
10085
10084
10079
10078
10071
10067
10059
10054
10047
10039
10033
10027
10027
10025
10042
10095
10095
10095
10095
10095
10095
10095
10095
10095
10095
10095
10095
10095
10095
10095
10095
10095
10095
10095
10095
10095
10078
10078
10078
10078
10078
257
10078
10078
10078
10059
10059
10059
10095
10098
10099
10099
10099
10097
10097
10097
10097
10099
10095
10095
10095
10089
10086
10078
10076
10069
10062
10057
10046
10037
10032
10027
10025
10027
10030
10034
10050
10078
10095
10092
10092
10092
10091
10091
10091
10091
10091
10091
10091
10091
10091
10091
10091
10091
10091
10091
10091
10091
10091
10091
10091
10091
10091
10091
10091
10091
10091
10091
10091
10091
10091
10091
10097
10095
10095
10095
10095
10095
10095
10096
10094
10093
10090
10087
10078
10079
10077
34404
10073
10069
10061
10063
10061
10060
10061
10064
10062
10061
10060
10061
10061
10060
10061
10061
10061
10013
10061
10095
10095
10094
10091
10086
10072
10059
10052
10039
10031
10026
10024
10022
10020
10020
10018
10015
10015
10012
10014
10015
10015
10016
10019
10025
10029
10040
10051
10061
10074
10083
10087
10095
10095
10095
10095
10095
10095
10095
10095
10095
10095
10095
10095
10095
10096
10095
10095
10093
10093
10092
10089
10087
10085
10086
10085
10083
62512
10078
484
10080
10076
10077
10075
12865
10073
10056
10066
10067
10059
10061
0
10059
10058
10057
10059
10059
10056
10076
10094
10074
10095
10095
10095
2592
10084
10097
10082
10095
10096
10095
10092
10089
10078
10041
10076
10070
10014
10060
10052
10002
10002
10002
10002
10002
10002
10095
10095
10095
10089
10089
10089
10089
10089
10089
10089
10089
10089
10095
10095
10095
10095
10095
10084
10076
10068
10068
10095
10095
10095
10095
10095
10095
10095
10095
10095
10095
10095
10095
10095
10097
10095
10095
10095
257
10095
357
10095
10095
10095
10095
10095
10095
10095
10095
10095
10095
10097
10002
10091
10088
10084
10081
10076
10074
10070
10070
10067
10064
10059
10061
10057
10056
10053
10049
10046
10043
10042
10039
10036
10037
10037
10035
10034
10027
10023
10021
10025
10029
10027
10042
10069
10098
10095
10095
10090
10090
10090
10097
10097
10064
10002
10002
10002
10002
10002
10002
10002
10002
10002
10002
10090
10090
10090
10090
10095
10080
10066
10059
10059
10068
10073
10074
10074
10074
10074
10074
10089
10058
10036
10025
10005
10018
10021
10019
10021
10019
10015
10018
10016
10014
10015
10012
10012
10012
10012
10013
10012
10013
10012
10013
10012
10012
10013
10012
10012
10012
10012
10012
10012
10012
10012
10012
10012
10012
10013
10012
10012
10012
10012
10012
10012
10012
10012
10012
10012
10012
10012
10012
10012
10013
10012
10012
10012
10012
10012
10012
10012
10012
10012
10012
10012
10012
10012
10012
10012
10012
10012
10012
10012
10012
10012
10012
10012
10012
10012
10012
10012
10012
10012
10012
10012
10012
10012
10012
10012
10012
10012
10012
10012
10012
10012
10012
10012
10012
10012
10012
10012
10012
10012
10012
10012
10012
10012
10012
10012
10012
10013
10012
10012
10012
10012
10012
10012
10012
10012
10013
10012
10012
10012
10012
10012
10012
10012
10012
10012
10012
10012
10013
10013
10013
10013
10013
10013
10013
10013
10013
10013
10002
10002
10002
10002
10002
10002
10002
10002
10002
10002
10002
10002
10002
10002
10002
10002
10002
10002
10002
10002
10002
10002
10002
10002
10002
10002
10002
10002
10002
10002
10002
10004
10004
10002
10004
10002
10002
10002
10002
10003
10004
10002
10002
10007
10010
10002
10002
10002
10002
10002
10002
10002
10002
10006
10009
10002
10002
10004
10003
10008
10002
10005
10002
10002
10002
10002
10002
10002
10002
10002
10002
10002
10002
10002
10005
10006
10002
10002
10002
10002
10002
10002
10002
10002
10003
10004
10002
10002
10002
10002
10002
10002
10002
10002
10002
10003
10002
10002
10002
10002
10002
10002
10002
10002
10002
10002
10002
10002
10002
10002
10002
10002
10002
10002
10002
10002
10002
10002
10002
10002
10002
10002
10002
10002
10002
10002
10002
10002
10002
10002
10002
10002
10002
10002
10002
10002
10002
10002
10002
10002
10002
10002
10002
10002
10002
10002
10002
10002
10002
10002
10002
10002


曲线Angle
10003
10003
10003
10003
10003
10003
10003
10003
10003
10003
10003
10003
10003
10003
10003
10003
10003
10005
10023
10028
10052
10077
10077
10077
10077
10077
10099
10099
10099
10099
10099
10099
10099
10099
10095
10095
10095
10094
10096
10096
10094
10096
10088
10096
10088
10088
10091
10091
10096
10088
10096
10094
10094
10087
10087
10094
10097
10087
10087
10094
10094
10096
10086
10086
10086
10086
10086
10088
10085
10094
10085
10086
10087
10092
199
10092
10092
10092
10092
10092
10092
10092
10092
10092
10092
10092
10092
10092
10092
10092
104
10096
10094
10091
10088
10080
10076
10065
10062
10053
10044
10040
10018
10010
10010
10010
10010
10010
10010
10010
10010
10010
10010
10010
10010
10010
10010
10010
10010
10010
10010
10010
10095
10095
10095
10095
10095
10095
10095
10095
10095
10095
10095
10095
10095
10095
10095
10095
10092
35672
10086
10081
10075
10070
10064
10057
10053
10048
10044
10037
10033
10027
10020
10011
10007
10002
10002
10002
10002
10002
10077
10073
10073
10043
10039
10071
10072
10071
10071
10069
10065
10062
10062
10061
10061
10061
10060
10064
10065
10067
10070
10072
10073
10071
10073
10072
10069
10069
10068
10071
10071
10080
10078
10074
10070
10065
10057
10050
10039
10033
10012
10004
10002
10002
10002
10002
10002
10002
10002
10002
10002
10002
10002
10002
10002
10002
10002
10002
10002
10002
10095
10095
10095
10095
10096
10100
10096
10094
10085
10094
10088
10088
10091
10096
10098
10097
10093
10092
10099
10098
10095
10099
10088
10096
10084
10094
10094
10088
10067
10082
10077
10047
10069
10066
10060
10060
10061
10080
10100
10100
10095
10095
10095
10095
10095
10095
10095
10095
10095
10095
10095
10095
10095
10095
10095
10095
10095
10095
10095
10095
10095
10095
10095
10095
257
10095
10095
10095
10095
10078
10078
10078
10078
10078
10078
10078
10078
10078
10078
10078
10078
10078
10078
10078
10078
10099
10094
10093
10090
10062
10057
10077
10074
10072
10068
10066
10065
10071
10079
10080
10086
10089
10093
10092
10092
10090
10090
10084
10084
10074
10074
10100
10095
10089
10081
10074
10064
10052
10052
10052
10052
10052
10052
10052
10052
10052
10052
10052
10052
10052
10052
10052
10052
10052
10052
10095
10092
10092
10096
10096
10099
10098
10095
10094
10092
10090
10086
10059
10078
10076
33891
10073
10069
10065
10027
10061
10060
10061
10064
10063
10042
10022
10016
10017
10008
10013
10013
10012
10013
10015
10024
10024
10024
10024
10024
10073
10094
10090
10082
10031
10076
10075
10072
10071
10069
10067
10066
10061
10065
10065
10069
10069
10073
10077
10080
10085
10091
10096
10095
10095
10095
10095
10095
10095
10095
10096
10096
10096
10096
10096
10096
10096
10096
10096
10096
10096
10096
10096
10096
10096
10095
10095
10100
10098
10098
10098
10097
63537
10097
493
10080
10095
10077
10075
13122
10099
10092
10071
10089
10082
10061
5
10078
10077
10070
10065
10059
10051
10084
10082
10077
10084
10084
10084
2848
10085
10082
10083
10080
10076
10072
10066
10058
10050
10042
10029
10022
10015
10009
10004
10002
10002
10003
10009
10049
10049
10049
10095
10098
10098
10098
10098
10098
10098
10098
10098
10098
10098
10098
10098
10098
10098
10098
10095
10095
10095
10097
10097
10097
10097
10097
10097
10097
10097
10097
10097
10097
10097
10097
10097
10097
10097
10097
10097
257
10097
355
10097
10097
10097
10097
10097
10097
10097
10097
10097
10097
352
10002
10091
10088
10084
10081
10085
10080
10077
10069
10067
10063
10069
10061
10066
10056
10053
10060
10061
10058
10064
10067
10066
10070
10072
10075
10077
10074
10072
10071
10025
10086
10077
10066
10002
10002
10002
10002
10002
10002
10002
10002
10002
10064
10002
10002
10002
10002
10002
10002
10002
10002
10002
10002
10002
10002
10002
10002
10002
10002
10002
10002
10002
10002
10002
10002
10002
10002
10002
10002
10002
10002
10036
10021
10005
10015
10016
10019
10019
10019
10016
10014
10012
10013
10014
10013
10014
10013
10013
10012
10024
10013
10015
10013
10014
10012
10013
10014
10012
10014
10014
10012
10013
10014
10012
10013
10012
10012
10014
10014
10012
10013
10014
10012
10013
10014
10012
10014
10014
10012
10013
10014
10012
10013
10012
10012
10014
10014
10012
10013
10014
10015
10014
10014
10012
10014
10015
10012
10014
10014
10012
10014
10016
10012
10014
10014
10012
10014
10014
10012
10014
10014
10012
10014
10015
10012
10015
10014
10012
10015
10014
10012
10014
10012
10014
10014
10012
10012
10014
10012
10014
10014
10012
10014
10014
10012
10012
10014
10012
10012
10013
10015
10015
10014
10015
10015
10014
10015
10014
10014
10015
10015
10014
10015
10014
10015
10012
10014
10013
10015
10013
10013
10013
10013
10013
10013
10013
10013
10013
10013
10012
10002
10002
10002
10002
10002
10002
10002
10002
10002
10002
10002
10002
10002
10002
10002
10002
10002
10002
10002
10002
10002
10002
10002
10002
10002
10002
10002
10002
10002
10002
10002
10004
10004
10002
10004
10002
10002
10002
10003
10003
10004
10002
10002
10005
10007
10002
10002
10002
10002
10002
10002
10002
10002
10002
10002
10002
10002
10009
10002
10002
10002
10002
10002
10002
10002
10002
10002
10002
10002
10002
10002
10002
10002
10002
10002
10002
10002
10002
10002
10002
10002
10002
10002
10002
10003
10002
10002
10002
10002
10002
10005
10005
10003
10002
10002
10002
10002
10002
10002
10002
10002
10002
10002
10003
10002
10002
10002
10005
10002
10002
10005
10002
10016
10016
10002
10002
10004
10002
10002
10002
10002
10002
10002
10002
10002
10002
10002
10002
10002
10002
10002
10002
10002
10002
10002
10002
10002
10002
10002
10002
10002
10002
10002
10002
10003
10002
10006
10002
10002
10024
10024
10019


曲线Acc
0
0
0
0
0
0
0
0
0
0
0
0
0
0
0
0
0
0
65534
65532
65529
65526
65523
65520
65519
65519
65521
65524
65527
65530
65533
0
1
2
1
65535
65532
65530
65528
65528
65528
65529
65530
65531
65532
65533
65534
65535
0
0
1
1
2
3
3
3
3
3
3
3
3
3
3
3
2
2
2
1
1
1
1
1
1
65535
201
65529
65524
65529
0
7
15
22
29
36
43
49
65
75
85
95
37
112
120
127
133
145
151
156
162
167
173
178
189
194
199
204
208
213
218
222
232
237
242
246
251
256
265
269
274
279
284
291
295
290
290
291
293
297
300
303
307
311
315
319
322
326
329
332
335
34900
338
340
343
345
347
349
351
352
352
352
350
348
346
344
341
338
336
333
331
329
327
324
322
320
318
316
314
312
311
310
309
309
308
306
305
303
300
296
291
287
285
283
283
283
284
286
288
289
291
292
293
293
293
292
292
292
292
292
293
294
296
298
301
304
307
309
312
314
317
319
321
323
325
327
328
330
331
333
335
336
338
339
341
342
344
345
346
347
347
347
347
345
343
340
338
336
334
332
331
330
329
329
329
330
330
332
333
335
338
339
341
343
344
345
346
345
343
339
336
331
326
322
317
314
311
311
310
311
312
314
316
317
319
321
322
324
324
325
325
326
326
327
326
325
257
324
322
320
318
317
316
316
317
317
318
318
317
317
316
315
315
314
314
314
315
315
315
314
313
313
313
314
315
317
318
317
316
315
313
311
309
307
305
303
302
301
301
302
303
304
305
307
309
311
313
314
315
316
317
318
318
319
318
318
317
317
317
317
317
317
318
319
320
321
322
324
325
326
328
328
330
330
331
332
334
335
336
337
338
338
33634
339
340
340
340
336
328
320
316
312
309
306
303
300
297
294
290
287
283
279
276
272
269
267
265
265
266
267
269
272
274
276
278
279
280
281
281
281
279
278
276
274
272
270
268
267
267
266
266
267
268
270
272
273
276
278
280
283
286
288
291
295
298
302
305
312
315
318
320
323
325
328
330
331
332
334
335
64817
336
501
337
337
338
339
13122
340
340
340
341
341
341
8
342
343
343
343
343
343
342
340
338
335
332
329
3105
327
325
323
322
322
323
324
325
327
328
329
330
331
331
329
326
320
314
304
291
280
275
261
209
150
145
185
214
229
235
239
241
243
246
250
254
259
265
271
277
282
288
293
297
300
303
306
308
310
312
314
315
317
319
321
324
326
329
331
257
334
353
336
338
340
342
344
346
347
349
350
351
35
353
353
353
353
353
352
351
350
348
346
344
341
339
336
333
330
327
324
320
317
314
311
307
304
301
299
298
298
299
325
354
369
365
346
306
267
258
284
342
389
430
468
493
475
391
331
289
267
244
228
214
202
187
174
160
145
129
112
95
77
60
45
33
24
17
12
9
6
3
2
1
1
2
0
65533
65529
65525
65523
65523
65524
65525
65526
65526
65525
65524
65523
65523
65523
65525
65526
65528
65530
65532
65533
65534
65535
65535
65535
0
0
0
0
0
0
0
0
0
0
0
0
0
0
0
0
0
0
0
0
0
0
0
0
0
0
0
0
0
0
0
0
0
0
0
0
0
0
0
0
0
0
0
0
0
0
0
0
0
0
0
0
0
0
0
0
0
0
0
0
0
0
0
0
0
0
0
0
0
0
0
0
0
0
0
0
0
0
0
0
0
0
0
0
0
0
0
0
0
0
0
0
0
0
0
0
0
0
0
0
0
0
0
0
0
0
0
0
0
0
0
0
0
0
0
0
0
0
0
0
0
0
0
0
0
0
0
0
0
0
0
0
0
0
0
0
0
0
0
0
0
0
0
0
0
0
0
0
0
0
0
0
0
0
0
0
0
0
0
0
0
0
0
0
0
0
0
0
0
0
0
0
0
0
0
0
0
0
0
0
0
0
0
0
0
0
0
0
0
0
0
0
0
0
0
0
0
0
0
0
0
0
0
0
0
0
0
0
0
0
0
0
0
0
0
0
0
0
0
0
0
0
0
0
0
0
0
0
0
0
0
0
0
0
0
0
0
0
0
0
0
0
0
0
0
0
0
0
0
0
0
0
0
0
0
0
0
0
0
0
0
0
0
0


曲线Gyro
35
35
35
35
35
35
35
35
35
35
35
35
35
35
35
35
35
35
35
35
35
35
35
35
35
35
35
35
35
35
35
35
35
35
35
35
35
35
35
35
35
35
35
35
35
35
35
35
35
35
35
35
35
35
35
35
35
35
35
35
35
35
35
35
35
35
35
35
35
35
35
35
35
35
202
37
37
37
37
37
37
37
37
37
37
37
37
37
37
37
40000
37
37
37
37
37
37
37
37
37
37
37
37
37
37
37
37
37
37
37
37
37
37
37
37
37
37
37
37
37
37
37
37
37
37
37
37
37
37
37
37
36
36
35
35
35
35
35
35
34131
35
35
35
35
35
35
35
35
35
35
35
35
35
35
35
35
35
35
35
35
35
35
35
35
35
35
35
35
35
35
35
35
35
35
36
36
37
37
37
37
37
37
37
37
37
37
37
37
37
37
37
37
37
37
37
37
37
37
37
37
37
37
37
37
37
37
36
35
35
35
35
35
35
35
35
35
35
35
35
35
35
35
35
35
35
35
35
35
35
35
35
35
35
35
35
35
35
35
35
35
35
35
35
35
35
35
35
35
35
35
35
35
35
35
35
35
35
35
35
35
35
35
35
35
35
35
35
35
35
35
35
35
35
35
35
35
35
35
35
35
35
35
35
35
257
35
35
35
35
35
35
35
35
35
35
35
35
35
35
35
35
35
35
35
35
35
35
35
35
35
35
35
35
35
35
35
35
35
35
35
35
35
36
37
37
37
37
37
37
37
37
37
36
35
35
35
35
35
35
35
35
35
35
35
35
35
35
35
35
35
35
35
35
35
35
35
35
35
35
35
35
35
35
35
35
35
35
35
35
35
33633
35
35
35
35
35
35
35
35
35
35
35
36
37
37
37
37
37
37
37
37
37
37
37
37
37
37
37
37
37
37
37
37
37
37
37
37
37
37
37
37
37
37
37
37
37
37
37
37
37
37
37
37
37
37
37
37
37
37
37
37
37
37
37
37
35
35
35
35
35
35
35
35
35
35
35
35
562
35
506
35
35
35
35
13123
35
35
35
35
35
35
19
35
35
35
35
35
35
35
35
35
35
35
35
3361
35
35
35
35
35
35
35
35
35
35
35
35
35
35
35
35
35
35
35
35
35
35
35
35
37
37
37
37
37
37
37
37
37
37
37
37
37
37
37
37
37
37
37
37
37
37
37
37
36
35
35
35
35
35
35
35
35
35
35
257
35
354
35
35
35
35
35
35
35
35
35
35
9066
35
35
35
35
35
35
35
35
35
35
35
35
35
35
35
35
35
35
35
35
35
35
35
35
36
37
37
37
37
37
37
35
35
35
35
35
37
37
37
37
35
35
35
35
35
35
35
37
37
37
37
37
37
37
37
37
37
37
37
37
37
37
37
37
37
37
37
37
37
37
35
35
35
35
35
35
35
35
35
35
35
35
35
35
35
35
35
35
35
35
35
35
35
35
35
35
35
35
35
35
35
35
35
35
35
35
35
35
35
35
35
35
35
35
35
35
35
35
35
35
35
35
35
35
35
35
35
35
35
35
35
35
35
35
35
35
35
35
35
35
35
35
35
35
35
35
35
35
35
35
35
35
35
35
35
35
35
35
35
35
35
35
35
35
35
35
35
35
35
35
35
35
35
35
35
35
35
35
35
35
35
35
35
35
35
35
35
35
35
35
35
35
35
35
35
35
35
35
35
35
35
35
35
35
35
35
35
35
35
35
35
35
35
35
35
35
35
35
35
35
35
35
35
35
35
35
35
35
35
35
35
35
35
35
35
35
35
35
35
35
35
35
35
35
35
35
35
35
35
35
35
35
35
35
35
35
35
35
35
35
35
35
35
35
35
35
35
35
35
35
35
35
35
35
35
35
35
35
35
35
35
35
35
35
35
35
35
35
35
35
35
35
35
35
35
35
35
35
35
35
35
35
35
35
35
35
35
35
35
35
35
35
35
35
35
35
35
35
35
35
35
35
35
35
35
35
35
35
35
35
35
35
35
35
35
35
35
35
35
35
35
35
35
35
35
35
35
35
35
35
35
35
35
35
35
35
35
35
35
35
35
35


曲线Error
10000
10000
10000
10000
10000
10000
10000
10000
10000
10000
10000
10000
10000
10000
10000
10000
10000
10000
10000
10000
10000
10000
10000
10000
10000
10000
10000
10000
10000
10000
10000
10000
10000
10000
10000
10000
10000
10000
10000
10000
10000
10000
10000
10000
10000
10000
10000
10000
10000
10000
10000
10000
10000
10000
10000
10000
10000
10000
10000
10000
10000
10000
10000
10000
10000
10000
10000
10000
10000
10000
10000
10000
19468
29124
202
39196
40000
40000
40000
40000
40000
40000
40000
40000
40000
40000
40000
40000
40000
40000
42018
40000
40000
40000
40000
40000
40000
40000
40000
40000
40000
40000
40000
40000
40000
40000
40000
40000
40000
40000
40000
40000
40000
40000
40000
40000
40000
40000
39512
37795
35781
33621
27104
28672
28602
28209
27884
26734
26044
25252
24352
23375
22369
21366
20426
19542
18732
17984
17353
33363
16773
16220
15224
14519
13646
12338
11399
10170
9214
8621
8385
7960
8232
8442
8754
9305
9993
11096
12019
13017
14501
15717
17024
18862
20473
21966
22731
23018
23453
23763
23655
23797
23860
24606
24719
25183
26212
26889
28257
29152
29735
30272
30108
30288
29928
29345
28992
28407
28267
27871
27613
27629
27694
27732
27844
27926
27898
27778
27899
27546
26775
26309
25746
25269
24440
23544
23031
22516
22009
21194
20794
20455
19871
19641
19078
18865
18300
18048
17473
17236
16725
16155
15869
15163
14756
14000
13208
12820
12143
11641
11382
11219
11299
11997
12533
13126
14115
14716
15614
16492
16884
17495
17961
18750
18626
18160
17900
17201
16831
16135
15755
15323
14738
13727
13278
13182
13467
13872
14948
16504
18496
20438
21916
22740
23159
23483
23531
23290
22840
22605
21990
21754
21146
20886
20396
20348
20073
19883
19737
19559
19742
19645
19704
19723
257
20259
20606
21374
21666
22056
21910
22150
21983
21767
21672
21681
21811
22045
21965
22217
22409
22572
22631
22542
22412
22397
22433
22618
22803
22892
22800
22536
22147
22047
21738
21822
22115
22260
22837
23256
23715
24516
24887
25441
25497
25682
25662
25537
25212
25137
24629
24342
23697
23389
22699
22527
22130
22136
21885
21627
21423
21353
21468
21670
21861
21937
22016
21990
21903
21762
21514
21246
21249
20910
20508
20347
19893
19750
19276
18964
18941
18640
18309
17920
17877
17474
17116
17112
16782
16503
33119
16124
16222
16059
16032
17013
19296
21252
21887
22840
23661
24435
25446
26145
26870
27639
28509
29431
30341
30921
31858
32725
33408
34210
34383
34489
34197
34043
33347
32881
32406
31951
31329
30862
30904
30746
30729
30831
30903
31285
31749
32466
32784
33439
33673
34074
34324
34123
34399
34136
33742
33521
32902
32601
31881
31448
30916
30322
29434
28837
28100
27268
26396
25515
24654
23033
22356
21681
21068
20525
19697
19265
18921
18361
17909
17840
17495
1843
17126
511
17161
16877
16587
16318
13636
16383
16235
16078
15863
15603
15294
23
14917
14439
14354
13990
13746
13705
13538
14067
14519
15285
16271
17394
3874
18930
19957
20537
20425
20370
20470
19934
19364
19069
18559
18095
17988
17733
17742
17794
18068
18870
19523
20837
22402
23755
20816
27303
40000
40000
40000
40000
40000
40000
40000
40000
40000
39989
39058
38467
37228
35765
34521
33257
31884
30201
29001
27609
26952
26119
25380
24446
23975
23609
22965
22779
22148
21870
21208
20794
20315
19435
18878
18357
257
17852
351
17062
16637
16222
15385
14841
13872
13179
12103
11339
10230
11448
8217
7216
6312
5535
4528
3912
3510
3321
2940
2798
3206
3478
3957
4715
6017
7184
8582
10176
12031
14093
16218
18657
21382
24280
25891
26244
26369
26346
26270
19690
12297
7137
6163
10045
20852
34028
36419
29857
15444
1840
53054
45536
45536
45536
56324
5662
17689
26585
37326
40000
40000
40000
40000
40000
40000
40000
40000
40000
40000
40000
40000
40000
40000
40000
40000
40000
40000
40000
40000
40000
40000
40000
40000
40000
40000
40000
40000
40000
40000
40000
40000
40000
40000
40000
40000
40000
40000
40000
40000
40000
40000
40000
40000
40000
40000
40000
40000
40000
40000
40000
40000
40000
40000
40000
40000
40000
40000
40000
40000
40000
40000
40000
40000
40000
40000
40000
40000
40000
40000
40000
40000
40000
40000
40000
40000
40000
40000
40000
40000
40000
40000
40000
40000
40000
40000
40000
40000
40000
40000
40000
40000
40000
40000
40000
40000
40000
40000
40000
40000
40000
40000
40000
40000
40000
40000
40000
40000
40000
40000
40000
40000
40000
40000
40000
40000
40000
40000
40000
40000
40000
40000
40000
40000
40000
40000
40000
40000
40000
40000
40000
40000
40000
40000
40000
40000
40000
40000
40000
40000
40000
40000
40000
40000
40000
40000
40000
40000
40000
40000
40000
40000
40000
40000
40000
40000
40000
40000
40000
40000
40000
40000
40000
40000
40000
40000
40000
40000
40000
40000
40000
40000
40000
40000
40000
40000
40000
40000
40000
40000
40000
40000
40000
40000
40000
40000
40000
40000
40000
40000
40000
40000
40000
40000
40000
40000
40000
40000
40000
40000
40000
40000
40000
40000
40000
40000
40000
40000
40000
40000
40000
40000
40000
40000
40000
40000
40000
40000
40000
40000
40000
40000
40000
40000
40000
40000
40000
40000
40000
40000
40000
40000
40000
40000
40000
40000
40000
40000
40000
40000
40000
40000
40000
40000
40000
40000
40000
40000
40000
40000
40000
40000
40000
40000
40000
40000
40000
40000
40000
40000
40000
40000
40000
40000
40000
40000
40000
40000
40000
40000
40000
40000
40000
40000
40000
40000
40000
40000
40000
40000
40000
40000
40000
40000
40000
40000
40000
40000
40000
40000
40000
40000
40000
40000
40000
40000
40000
40000
40000
40000
40000
40000
40000
40000
40000
40000
40000
40000
40000
40000
40000
40000
40000


曲线SpeedL
9997
9993
9987
10000
9990
10003
9993
10009
9993
10012
9997
9987
10008
9951
9994
10313
11899
14175
16742
18480
18695
18695
17605
16001
13904
11317
9339
8037
7007
6281
5859
5677
5945
6514
7905
9609
9409
9500
9724
9816
9493
9670
9679
9773
9868
10059
10029
10103
10178
10167
10371
10447
9689
10059
10396
10207
10331
10447
10073
9943
10042
10120
10121
10177
10451
10373
10299
10265
10119
10037
10901
10685
15173
28316
203
37934
40949
41506
41415
41294
41401
41253
41366
41432
41293
43171
41988
41891
42015
41887
491
41800
42019
41978
42141
41999
42077
42037
42216
42249
41956
42443
42432
42203
42459
42320
42209
42548
42242
42662
42776
42456
42758
42262
43043
42517
42784
42832
42526
41492
38771
36872
29409
31172
31353
31329
29541
29669
28353
28160
27169
25990
25233
24176
23366
22556
21445
21088
20106
30802
19354
18760
18051
17319
15752
15251
13639
12592
11115
10631
9882
9619
9971
10147
10667
11262
12155
12740
13759
15215
16018
17202
18795
20075
22267
23899
24732
25539
25292
25780
25600
25608
25866
26044
26728
26978
27752
28891
29853
31365
31796
32690
32653
32396
32774
31543
31229
30621
30820
29899
29422
30156
29591
30066
29890
30341
30226
29856
30320
30295
29360
28496
28695
27034
26957
26335
25774
24944
24458
24090
23469
22511
22951
21649
21982
21041
20885
20620
20078
19446
19507
18864
18392
18008
17169
16405
15760
14857
14105
13761
13044
13340
13565
13979
14514
15480
16078
17151
17619
18752
19466
19640
20568
21337
21303
21033
20223
19954
19371
18606
18731
17064
16991
16027
14708
15174
15091
15411
16526
18019
19694
22238
24252
24963
25705
25872
25729
25762
25619
24776
25045
23959
23636
22890
22460
22389
22586
22215
21972
21672
21777
22205
21130
22003
257
22051
22713
23457
24025
24394
24094
23897
24154
23723
23887
23839
23940
23973
24660
24060
24745
24722
24776
25065
24356
24776
24614
24591
25246
25350
25219
24439
24508
23945
23695
23523
24012
24153
24077
25363
25799
26520
26884
27514
27668
27816
28190
27737
27634
27947
26842
26774
26294
25273
24945
24804
24407
24059
24347
23795
23742
22898
23973
23524
23952
23997
24072
24657
24306
23678
24517
23105
23673
23637
22815
22790
22321
22199
21726
20866
21472
21042
21017
20325
20045
20093
19462
19466
19407
18593
32350
18777
18349
18536
17514
17490
19976
24115
24040
25290
25219
26776
26829
27907
28524
29410
29963
31188
31841
32726
33561
34779
35482
36495
36309
36413
36580
36359
35629
34785
34809
33805
33331
32962
32921
32541
32373
32478
32817
33116
33675
33901
34467
35448
35698
35978
36629
36759
36662
36604
36103
35847
35413
34939
34415
34031
33395
32150
32255
32136
30375
30283
29052
27987
27731
25789
25137
23949
23608
23051
22363
21692
21132
20782
20303
20389
19916
2869
19704
259
19798
18970
19315
18465
14403
18342
18983
18162
18399
17871
17780
28
17201
16653
16316
16445
15391
15520
15844
15117
16440
16944
18447
19619
4130
20392
22530
22706
23032
22818
22651
22499
21839
20986
21057
20394
20435
19843
19614
19821
19334
20208
21179
20276
24412
25389
19885
21828
28780
47849
57862
50846
38412
42502
42151
42229
42324
42827
41900
41218
40257
38594
37515
36324
34559
32847
31327
29709
29650
28456
27829
26798
26689
25826
24995
25919
24107
24631
24173
23566
22832
22499
21457
20794
257
20535
348
19785
19522
18469
18302
17335
16640
15416
14838
13742
12964
500
10430
9374
8609
7778
7004
5953
5434
5096
4871
4737
4736
5173
5768
6338
7303
8604
9705
11581
13294
15567
17565
19787
22858
25663
28606
28750
28524
28383
38406
31772
20399
7888
7274
5031
17510
34464
47934
52104
44810
26274
10033
56875
37691
57211
6466
20059
33832
47311
61475
12540
25046
33605
38067
40139
40814
48924
64891
6061
9374
10719
7419
1495
57504
43149
28108
13028
63937
48775
32975
17191
977
50605
36364
50023
57405
58862
59438
56875
51908
45762
37262
42292
44544
44473
41972
38728
40788
39529
37582
38595
37095
37369
36831
36537
36303
35923
35688
35371
35102
34838
34570
34321
34066
33810
33535
33332
33084
32841
32643
32433
32221
32034
31827
31630
31446
31259
31090
30914
30756
30584
30437
30267
30114
29988
29827
29689
29545
29416
29288
29138
29010
28898
28773
28674
28551
28445
28304
28221
28122
28013
27913
27803
27720
27621
27529
27445
27340
27263
27172
27090
27017
26954
26853
26763
26700
26628
26587
26518
26510
26448
26393
26149
26100
26031
25991
25948
25883
25847
25788
25747
25696
25665
25627
25607
25558
25531
25473
25420
25432
25375
25369
25326
25303
25297
25230
25212
25159
25150
25104
25045
25009
25016
24985
24958
24943
24908
24891
24858
24847
24814
24944
25094
24892
25037
24944
24938
24946
24934
24934
24846
24873
24836
24812
24816
24724
24684
24954
24432
23623
21061
15750
8594
233
54333
43116
38253
36086
36417
38883
41532
44209
45834
47084
48004
48595
49767
50282
50950
52366
53409
54686
56447
57579
59131
60120
60733
60834
61013
60342
59451
57949
57848
57598
56910
56403
56415
56865
57275
57094
57231
57511
58055
58614
59392
60143
61004
61686
62506
62311
61966
61261
60394
59326
58514
58232
58213
57813
57085
56014
55208
54874
54750
54809
54798
54568
54161
53974
53953
54219
54501
54629
54600
54289
54039
54066
54148
54257
54325
54139
53924
53679
53691
53996
54491
55463
56866
58323
59876
61478
63482
150
2290
4982
8333
11231
14133
15723
17667
20329
23361
26554
29262
29750
28465
26515
24395
22120
20899
19496
18698
18175
17842
18129
17793
16846
15766
14477
12863
11544
10516
9039
8207
8889
11020
13754
16404
18829
20807
22159
23076
23973
25063
26262
27657
29017
30284
31009
31103
30540
29646
28568
27577


曲线SpeedR
435
435
435
435
435
435
435
435
435
435
435
435
435
435
435
435
435
435
471
467
481
483
485
486
487
487
488
488
488
488
488
489
488
488
488
489
491
493
495
495
494
494
493
494
494
494
494
494
493
493
494
494
494
494
493
494
493
494
494
493
493
493
493
493
493
493
493
493
493
493
492
493
493
494
203
495
497
496
495
495
495
495
494
494
493
493
493
492
491
491
43
491
491
492
492
493
494
495
495
495
496
497
499
498
498
498
498
499
499
499
499
499
500
500
499
499
500
500
500
500
499
499
456
475
478
482
486
494
496
497
498
499
499
499
500
500
500
501
501
30289
500
501
503
509
514
517
519
517
512
509
500
499
497
496
498
500
501
500
501
499
497
493
487
482
477
479
480
481
479
474
469
454
448
439
435
436
442
435
449
448
456
456
452
457
451
449
447
440
436
435
444
446
450
454
459
462
466
470
482
498
491
495
488
487
488
492
497
501
503
503
502
502
501
501
501
502
501
501
501
501
500
500
500
500
498
496
490
484
479
478
479
482
486
490
493
495
495
494
494
494
496
497
499
499
499
498
499
498
498
497
495
490
478
472
478
471
470
464
471
476
479
482
484
485
488
493
498
503
506
505
503
498
493
488
486
486
489
494
501
508
518
521
518
514
257
510
508
505
502
496
490
483
477
476
479
481
482
483
486
489
496
503
512
517
518
515
514
512
508
504
497
490
479
473
475
472
462
455
463
469
474
477
479
480
481
484
485
487
490
491
493
494
484
480
483
490
497
505
514
513
508
511
506
501
496
494
493
493
495
496
496
497
498
498
498
498
498
497
498
498
499
499
499
500
499
499
499
501
503
507
31837
513
524
528
532
523
522
522
521
524
530
544
547
549
547
560
563
565
560
565
542
531
527
524
522
513
505
496
484
475
473
472
469
471
463
449
440
436
442
447
440
442
450
449
450
457
463
465
468
470
472
475
477
480
482
484
486
487
488
489
489
490
490
490
490
490
490
490
490
490
490
489
489
488
489
489
490
3638
489
262
489
489
488
488
14660
488
489
490
491
491
490
32
489
486
482
477
477
479
483
480
481
482
485
488
4387
491
492
493
494
495
495
497
497
496
495
513
526
531
538
546
557
565
565
565
565
532
523
515
511
508
508
506
502
498
496
495
495
495
496
496
496
496
494
491
486
479
476
475
476
476
478
479
482
485
487
490
493
494
496
497
498
498
499
499
257
500
348
500
500
500
500
499
500
500
501
500
500
40
499
499
498
498
498
499
499
499
500
499
498
498
498
497
496
493
494
491
492
484
474
479
482
483
490
489
484
474
474
480
487
486
469
486
497
514
507
515
532
534
543
534
521
519
516
513
509
506
504
502
500
499
500
497
497
484
475
467
464
460
464
461
459
463
472
478
477
483
493
482
473
466
476
473
435
451
444
437
443
435
439
437
435
435
435
435
435
435
435
435
435
435
435
435
435
435
435
435
435
435
435
435
435
435
435
435
435
435
435
435
435
435
435
435
435
435
435
435
435
435
435
435
435
435
435
435
435
435
435
435
435
435
435
435
435
435
435
435
435
435
435
435
435
435
435
435
435
435
435
435
435
435
435
435
435
435
435
435
435
435
435
435
435
435
435
435
435
435
435
435
435
435
435
435
435
435
435
435
435
435
435
435
435
435
435
435
435
435
435
435
435
435
435
435
435
435
435
435
435
435
435
435
435
435
435
435
435
435
435
435
435
435
435
435
435
435
435
435
435
435
435
435
435
435
510
520
529
529
519
535
523
508
524
527
512
525
536
499
525
537
534
507
505
513
545
542
495
525
522
435
435
435
500
497
565
565
435
508
494
486
520
517
479
476
558
555
502
506
479
463
485
496
499
496
502
507
506
510
514
522
521
508
507
530
521
519
541
519
519
435
435
523
491
494
541
505
500
500
502
500
497
444
441
495
488
485
528
498
496
491
498
490
487
487
484
500
497
494
491
488
485
484
453
447
444
441
504
501
498
495
492
489
486
483
481
478
475
472
469
466
463
460
457
455
452
449
446
444
441
438
435
435
472
469
466
463
460
470
474
477
481
459


曲线Motor
40
40
40
40
40
40
40
40
40
40
40
40
40
40
40
40
40
40
40
40
40
40
40
40
40
40
40
40
40
40
40
40
40
40
40
40
40
40
40
40
40
40
40
40
40
40
40
40
40
40
40
40
40
40
40
40
40
40
40
40
40
40
40
40
40
40
40
40
40
40
40
40
40
39
204
43
43
43
43
43
43
43
43
43
43
43
43
43
43
43
500
43
43
43
43
43
43
43
43
43
43
43
43
43
43
43
43
43
43
43
43
43
43
43
43
43
43
43
43
43
43
43
43
43
43
43
43
43
43
43
43
42
42
41
40
40
40
39
39
29521
39
39
39
39
39
39
40
40
40
40
40
40
40
40
40
40
40
40
40
40
39
39
39
39
39
40
40
41
41
42
42
42
42
42
42
42
42
43
43
43
43
43
43
43
43
43
43
43
43
43
43
43
43
43
43
43
43
43
43
43
43
43
43
43
42
42
42
42
41
41
40
40
40
40
39
39
39
39
39
39
39
39
39
39
39
39
39
39
40
40
40
40
40
40
40
39
39
39
39
39
39
39
39
39
39
39
39
39
39
39
39
39
39
39
39
39
39
39
39
39
39
39
40
40
41
42
42
42
42
41
41
41
40
40
40
40
40
40
40
39
39
40
39
39
257
39
40
40
40
40
40
40
40
40
40
40
40
40
40
40
40
41
41
41
41
41
41
41
41
41
41
41
41
40
40
40
40
40
40
41
42
42
42
42
43
43
43
43
43
43
43
42
42
42
42
41
41
40
40
40
40
40
40
40
40
40
40
41
41
40
40
40
40
40
40
40
40
40
40
39
39
39
39
39
39
39
39
39
39
39
31069
39
39
39
39
39
39
39
40
40
41
42
42
42
43
43
43
43
43
43
43
43
43
43
43
43
43
43
43
43
43
43
43
43
43
43
43
43
43
43
43
43
43
43
43
43
43
43
43
43
43
43
43
43
43
43
43
43
43
43
43
43
43
43
43
42
42
41
40
40
40
40
39
39
39
39
39
4663
39
265
39
39
39
39
14915
39
39
39
39
39
39
36
39
39
39
39
39
39
39
39
39
39
39
39
4643
39
39
40
40
40
40
40
40
39
39
39
39
39
39
39
39
39
39
39
39
40
40
39
40
43
43
43
43
43
43
43
43
43
43
43
43
43
43
43
43
43
43
43
43
43
43
43
42
42
42
42
41
41
41
40
40
40
40
39
257
39
347
39
39
39
39
39
39
39
39
40
40
500
40
40
40
40
40
40
40
40
40
40
40
40
40
40
40
40
40
40
40
40
39
39
39
40
42
43
43
43
43
43
42
39
40
40
40
40
43
43
43
43
39
40
40
40
40
40
40
43
43
43
43
43
43
43
43
43
43
43
43
43
43
43
43
43
43
43
43
43
43
43
40
40
40
40
40
40
40
40
40
40
40
40
40
40
40
40
40
40
40
40
40
40
40
40
40
40
40
40
40
40
40
40
40
40
40
40
40
40
40
40
40
40
40
40
40
40
40
40
40
40
40
40
40
40
40
40
40
40
40
40
40
40
40
40
40
40
40
40
40
40
40
40
40
40
40
40
40
40
40
40
40
40
40
40
40
40
40
40
40
40
40
40
40
40
40
40
40
40
40
40
40
40
40
40
40
40
40
40
40
40
40
40
40
40
40
40
40
40
40
40
40
40
40
40
40
40
40
40
40
40
40
40
40
40
40
40
40
40
40
40
40
40
40
40
40
40
40
40
40
40
40
40
40
40
40
40
40
40
40
40
40
40
40
40
40
40
40
40
40
40
40
40
40
40
40
40
40
40
40
40
40
40
40
40
40
40
40
40
40
40
40
40
40
40
40
40
40
40
40
40
40
40
40
40
40
40
40
40
40
40
40
40
40
40
40
40
40
40
40
40
40
40
40
40
40
40
40
40
40
40
40
40
40
40
40
40
40
40
40
40
40
40
40
40
40
40
40
40
40
40
40
40
40
40
40
40
40
40
40
40
40
40
40
40
40
40
40
40
40
40
40
40
40
40
40
40
40
40
40
40
40
40
40
40
40
40
40
40
40
40
40
40


